timestamp,va1,va2,va3,va4,va5,va6,va7
1581137614.611692983,-0.00748507,-0.0384734,-0.000165947,-0.0664136,-0.0943696,-0.0194944,0.101979
1581137614.618225129,-0.00721355,-0.0400067,-0.00014236,-0.0678832,-0.0952795,-0.0219253,0.103647
1581137614.667335745,-0.0117639,-0.0654168,4.08328e-05,-0.0941235,-0.134592,-0.023009,0.145936
1581137614.674125697,-0.0113469,-0.0626901,-4.3399e-05,-0.0879277,-0.120876,-0.0206102,0.132291
1581137614.680681333,-0.0138763,-0.0767106,-8.08356e-05,-0.105505,-0.147425,-0.0317764,0.160822
1581137614.724492983,-0.0116843,-0.070157,4.02997e-05,-0.0970984,-0.132703,-0.0289216,0.144906
1581137614.731001707,-0.0107355,-0.0655241,4.37536e-05,-0.0942309,-0.133495,-0.0198348,0.149203
1581137614.737856824,-0.0100884,-0.0600243,-1.8758e-05,-0.0872143,-0.121631,-0.0171485,0.135153
1581137614.744746288,-0.010895,-0.0666622,-6.11065e-05,-0.0926688,-0.13162,-0.0201401,0.147284
1581137614.751165732,-0.0098997,-0.056416,-0.000157421,-0.0810691,-0.115004,-0.017753,0.125495
1581137614.757955414,-0.012882,-0.0685214,9.45095e-05,-0.102754,-0.142252,-0.0232311,0.159026
1581137614.764806378,-0.0125111,-0.0628987,0.000175853,-0.0955525,-0.129757,-0.024187,0.145544
1581137614.771025361,-0.0126933,-0.0639746,-7.13183e-05,-0.0962427,-0.130884,-0.0267593,0.149699
1581137614.779172407,-0.0118738,-0.0622842,-5.12719e-05,-0.0919211,-0.124829,-0.0252712,0.139226
1581137614.786156599,-0.0113603,-0.0582275,-0.000188861,-0.0896549,-0.119892,-0.0236272,0.135861
1581137614.792823401,-0.0119215,-0.0624769,4.42753e-05,-0.096151,-0.130431,-0.0260394,0.143952
1581137614.799728493,-0.0115525,-0.0605207,0.000155652,-0.0938378,-0.127644,-0.0260363,0.142797
1581137614.842326243,-0.0114107,-0.0622765,1.39833e-05,-0.0934197,-0.126095,-0.0248127,0.137287
1581137614.848808995,-0.0110088,-0.0583768,-0.000174451,-0.0845261,-0.11632,-0.0325489,0.123475
1581137614.855446022,-0.0127136,-0.0660455,-6.32931e-05,-0.0984352,-0.132337,-0.0388912,0.143385
1581137614.862527635,-0.0120472,-0.0620619,1.70542e-05,-0.0934597,-0.121933,-0.0315599,0.136879
1581137614.870220029,-0.0123894,-0.0633807,3.01914e-05,-0.0930639,-0.121667,-0.0247185,0.138072
1581137614.877771344,-0.0122769,-0.0636343,-2.56667e-05,-0.0930046,-0.122786,-0.020661,0.13727
1581137614.884249851,-0.0120353,-0.063902,0,-0.0938357,-0.121733,-0.0184478,0.136028
1581137614.924752425,-0.0107546,-0.0628178,1.49594e-05,-0.0928975,-0.119257,-0.0190543,0.135117
1581137614.931161773,-0.0109047,-0.0638508,0.000104023,-0.0939818,-0.120441,-0.029975,0.138693
1581137614.937917719,-0.0100998,-0.0600399,-3.79107e-05,-0.0877244,-0.111557,-0.028594,0.126996
1581137614.945022325,-0.0109706,-0.0618767,4.22662e-05,-0.0914247,-0.114798,-0.0299283,0.134268
1581137614.988231819,-0.0122658,-0.063092,-3.91125e-05,-0.0913519,-0.117234,-0.0253083,0.12993
1581137614.995261310,-0.0125581,-0.0666768,9.46024e-05,-0.0967516,-0.121529,-0.0252029,0.133622
1581137615.001826973,-0.0113872,-0.0605767,-2.84451e-05,-0.0866505,-0.109332,-0.0245379,0.120793
1581137615.008717492,-0.0119493,-0.0625385,4.29588e-05,-0.0922357,-0.118191,-0.0283657,0.130102
1581137615.015280460,-0.0124902,-0.0635968,0.00015865,-0.0943242,-0.120907,-0.0301721,0.130931
1581137615.022103992,-0.0114949,-0.0586677,-3.72863e-05,-0.0850509,-0.107994,-0.0245746,0.122761
1581137615.028918041,-0.0125273,-0.0644448,-0.000121114,-0.0919392,-0.115556,-0.0237483,0.12934
1581137615.035192750,-0.0131139,-0.0672573,9.0701e-06,-0.0980499,-0.122089,-0.0234143,0.13662
1581137615.042877216,-0.0117229,-0.0594875,-4.8949e-05,-0.0873223,-0.109029,-0.0177924,0.121137
1581137615.049211945,-0.0131,-0.0647614,-3.60342e-05,-0.0955113,-0.119807,-0.0178211,0.135379
1581137615.055968430,-0.0130097,-0.0678081,1.83259e-05,-0.097018,-0.121284,-0.018859,0.1358
1581137615.100308025,-0.00159288,-0.00861172,1.07006e-05,-0.0122067,-0.0152617,-0.00232044,0.017079
1581137615.107014867,-0.0695245,-0.424128,-0.000161107,-0.617307,-0.755304,-0.175995,0.845195
1581137615.113688083,-0.00955918,-0.062451,8.66627e-05,-0.0922986,-0.110294,-0.0294142,0.126349
1581137615.119934021,-0.00886573,-0.0606099,0.00016437,-0.0887733,-0.106195,-0.0280861,0.116531
1581137615.126685356,-0.010283,-0.0703409,-5.62445e-05,-0.100084,-0.117195,-0.0271652,0.134289
1581137615.132825478,-0.00898213,-0.0585236,-3.72657e-05,-0.0847339,-0.0993326,-0.0193712,0.112454
1581137615.139246155,-0.0110435,-0.0674212,2.78248e-05,-0.0994846,-0.115417,-0.0210384,0.129107
1581137615.146001627,-0.0107008,-0.0609973,7.84741e-05,-0.0891468,-0.106337,-0.0201363,0.120896
1581137615.152177656,-0.00990495,-0.0553408,8.81197e-05,-0.0796273,-0.0961873,-0.0190873,0.104099
1581137615.158832277,-0.0121102,-0.0670194,1.79737e-05,-0.0959384,-0.113498,-0.0238341,0.126483
1581137615.166245112,-0.0111686,-0.0615897,-0.000141385,-0.0895654,-0.105143,-0.0243498,0.118481
1581137615.206115533,-0.0116059,-0.063003,-1.50132e-06,-0.091247,-0.108006,-0.0254124,0.121358
1581137615.251114511,-0.0121394,-0.0622782,-2.07683e-05,-0.0903409,-0.10402,-0.0186494,0.119204
1581137615.257084858,-0.0125739,-0.0643142,3.88383e-05,-0.093291,-0.104382,-0.0291243,0.124264
1581137615.264880089,-0.0115332,-0.0595674,9.54974e-06,-0.0856914,-0.0978763,-0.0283695,0.112093
1581137615.271728435,-0.0116465,-0.06244,3.00654e-05,-0.0903464,-0.103282,-0.0291237,0.114316
1581137615.278656925,-0.0110976,-0.0650143,0,-0.0919858,-0.105231,-0.0274017,0.121301
1581137615.285095261,-0.0105797,-0.0645088,-1.74784e-05,-0.0926047,-0.103857,-0.0276154,0.115703
1581137615.292056877,-0.00936418,-0.0578699,-1.86229e-05,-0.0850596,-0.0949748,-0.0229823,0.108247
1581137615.298790079,-0.0101218,-0.0638351,-5.27652e-05,-0.0927847,-0.107877,-0.0230401,0.116994
1581137615.305254887,-0.0100401,-0.0654377,4.42752e-05,-0.093442,-0.106967,-0.022878,0.115922
1581137615.311970219,-0.00917943,-0.0605098,0,-0.0867708,-0.0979748,-0.0210946,0.11165
1581137615.318541105,-0.0102204,-0.0651775,0.000114934,-0.093434,-0.104043,-0.0229341,0.115219
1581137615.324765107,-0.00980568,-0.0594318,0,-0.0869398,-0.0973587,-0.0217422,0.109964
1581137615.402255278,-0.0119516,-0.0624347,7.69114e-06,-0.0893606,-0.0995103,-0.0214574,0.11382
1581137615.408470147,-0.013566,-0.071889,-0.000144631,-0.101287,-0.110117,-0.0243069,0.127821
1581137615.415001220,-0.0106155,-0.0554396,-0.000116751,-0.0797421,-0.0879417,-0.0242037,0.102365
1581137615.421192198,-0.0112289,-0.0584652,9.64223e-06,-0.0859211,-0.0949619,-0.0276677,0.104594
1581137615.427986888,-0.011569,-0.0616309,7.90615e-05,-0.0911814,-0.101688,-0.030429,0.113265
1581137615.434328421,-0.0107307,-0.0579231,-8.57723e-05,-0.0848548,-0.0930887,-0.0292284,0.105487
1581137615.440918327,-0.0113999,-0.0650468,3.57602e-05,-0.0935332,-0.0987531,-0.0310883,0.109851
1581137615.447883999,-0.0113613,-0.0620894,-7.87184e-05,-0.0922202,-0.0963344,-0.0287926,0.113062
1581137615.454067755,-0.0102638,-0.0582131,-1.93175e-05,-0.0863782,-0.0925229,-0.0250657,0.106249
1581137615.460798653,-0.0105357,-0.0617819,7.90861e-05,-0.0898039,-0.0984996,-0.0199906,0.109707
1581137615.502139451,-0.00902244,-0.0611247,1.89667e-05,-0.0886895,-0.0948395,-0.0195987,0.106936
1581137615.552433074,-0.0105178,-0.0614251,8.40345e-06,-0.0892996,-0.0913149,-0.0248715,0.107573
1581137615.559314202,-0.012623,-0.0618624,0,-0.0881971,-0.0945008,-0.0197683,0.108441
1581137615.567064420,-0.0113162,-0.0565889,-1.5777e-05,-0.0799232,-0.0848897,-0.0169861,0.0976112
1581137615.573867480,-0.0125818,-0.0618714,-8.71417e-06,-0.0877587,-0.0924235,-0.0196356,0.108197
1581137615.580849536,-0.0124764,-0.061675,-0.000165887,-0.0887669,-0.0899072,-0.0201683,0.108577
1581137615.587305886,-0.0126824,-0.0636975,4.46467e-05,-0.0899732,-0.093485,-0.0217297,0.109354
1581137615.594081712,-0.0113608,-0.0572488,4.63399e-05,-0.0792847,-0.0846445,-0.0212204,0.100867
1581137615.600757035,-0.0127166,-0.0656246,-2.68668e-05,-0.0918906,-0.0951127,-0.0257555,0.111718
1581137615.607319670,-0.0127965,-0.0624665,-6.06437e-05,-0.0887874,-0.0913519,-0.0245707,0.104062
1581137615.614168576,-0.0115406,-0.0571884,0,-0.0811401,-0.0835043,-0.0217335,0.0979128
1581137615.620861359,-0.0125155,-0.0634002,8.75184e-05,-0.0885537,-0.0913999,-0.0239107,0.103747
1581137615.627415348,-0.0124517,-0.0645231,1.76143e-05,-0.0906866,-0.0951157,-0.0247007,0.101746
1581137615.671375316,-0.011026,-0.0619711,-1.36406e-05,-0.087522,-0.0897119,-0.0199186,0.101274
1581137615.678153618,-0.00994676,-0.0611212,4.28805e-05,-0.0875658,-0.0882998,-0.0283654,0.101809
1581137615.684804029,-0.00933681,-0.0593264,4.83169e-05,-0.0831807,-0.0838496,-0.0294796,0.0943056
1581137615.691746275,-0.00962869,-0.063722,1.7277e-05,-0.0884457,-0.0882764,-0.0320899,0.102539
1581137615.698281200,-0.0105854,-0.0689227,-8.48364e-05,-0.0968613,-0.0976682,-0.0350269,0.112103
1581137615.745615357,-0.0012402,-0.00788858,-1.01957e-05,-0.0110713,-0.0112798,-0.00346185,0.0126849
1581137615.752201242,-0.0779983,-0.417682,0.000285638,-0.592981,-0.593047,-0.111713,0.688352
1581137615.758727090,-0.0127107,-0.0647579,-9.66853e-05,-0.0903464,-0.088634,-0.0208505,0.102301
1581137615.765125632,-0.0122819,-0.0647807,-0.000150436,-0.0917424,-0.0906239,-0.0252893,0.10244
1581137615.772007449,-0.0107961,-0.0572583,-6.53704e-05,-0.0818856,-0.0830661,-0.0269434,0.0939238
1581137615.778682546,-0.0116894,-0.0634643,1.7798e-05,-0.0910242,-0.0905972,-0.0315365,0.102607
1581137615.822387196,-0.00181295,-0.00994621,9.73156e-06,-0.014099,-0.0141232,-0.00493,0.0163277
1581137615.828962909,-0.0656815,-0.374155,-4.21315e-05,-0.525343,-0.508899,-0.128263,0.593307
1581137615.835747452,-0.0103366,-0.0624172,-0.00024198,-0.0876105,-0.0818078,-0.0168013,0.0982755
1581137615.842774264,-0.0102095,-0.0625342,9.62256e-05,-0.0887621,-0.0853152,-0.0172083,0.0958046
1581137615.849171634,-0.0103812,-0.0637032,0.000307914,-0.0895857,-0.0851183,-0.0191611,0.099351
1581137615.856048201,-0.009015,-0.0567091,4.5955e-05,-0.0803631,-0.0747078,-0.0186549,0.0879997
1581137615.862715883,-0.0101725,-0.0635805,-2.65148e-05,-0.0889985,-0.0823418,-0.0241719,0.0935147
1581137615.871168876,-0.00920982,-0.0603926,-1.46936e-05,-0.0858041,-0.0785669,-0.02666,0.094441
1581137615.877356215,-0.00982236,-0.0648926,-3.61073e-05,-0.0920305,-0.0861912,-0.0288803,0.10086
1581137615.884258869,-0.0091915,-0.062674,-5.20781e-05,-0.0876361,-0.0841834,-0.0272013,0.0934946
1581137615.891002901,-0.00853483,-0.0567293,2.77413e-05,-0.0805491,-0.0758535,-0.0251699,0.0885291
1581137615.897958553,-0.00926267,-0.0612045,-0.000112221,-0.0878876,-0.081408,-0.0262946,0.0972452
1581137615.942137605,-0.0107438,-0.0617976,3.82685e-05,-0.0866337,-0.0809208,-0.0210407,0.0951374
1581137615.948375306,-0.0133761,-0.064733,0,-0.0894535,-0.0810446,-0.0234372,0.097554
1581137615.954997397,-0.0129854,-0.0621753,-0.000128998,-0.0867014,-0.0802723,-0.0225224,0.0953268
1581137615.961908532,-0.0120115,-0.0581337,-7.65754e-05,-0.0830276,-0.0772257,-0.0224916,0.0890573
1581137615.969846175,-0.0123636,-0.0600604,6.64732e-05,-0.0849427,-0.0791154,-0.0236785,0.0917966
1581137615.976872055,-0.0122891,-0.0636578,-8.77291e-06,-0.0885082,-0.0807573,-0.0216377,0.0974617
1581137615.983194761,-0.0122896,-0.0646443,-7.08409e-05,-0.0906047,-0.0813592,-0.0203911,0.095563
1581137615.989998510,-0.0111259,-0.0571079,-7.39172e-05,-0.0807736,-0.0725216,-0.016504,0.086817
1581137615.996961244,-0.0117528,-0.0614277,5.22361e-05,-0.0875101,-0.0823633,-0.0172635,0.0982008
1581137616.003828424,-0.0119945,-0.0615853,0.000130742,-0.0871434,-0.0836688,-0.0164315,0.0943
1581137616.010256718,-0.0125742,-0.0689228,4.70663e-05,-0.0941183,-0.0883657,-0.0174213,0.103163
1581137616.054142487,-0.00154682,-0.00854172,-9.58151e-06,-0.0117763,-0.0109246,-0.0021806,0.0131
1581137616.061191314,-0.0680975,-0.376519,-0.000167635,-0.52687,-0.4817,-0.148549,0.558282
1581137616.068876906,-0.0108136,-0.061608,0.000183158,-0.086242,-0.0784626,-0.0274958,0.0879133
1581137616.075831866,-0.0101423,-0.0626119,6.92971e-05,-0.0866814,-0.0782003,-0.0251695,0.0867161
1581137616.082438398,-0.0102296,-0.0638367,-0.00021877,-0.08847,-0.0798068,-0.018219,0.0936417
1581137616.088918347,-0.00958607,-0.0582523,-0.000114692,-0.0819738,-0.0740125,-0.0150147,0.0855292
1581137616.095734361,-0.0102315,-0.0618034,0.000141002,-0.0875981,-0.0783695,-0.0169468,0.0879418
1581137616.102215813,-0.0100594,-0.0617407,0.00015773,-0.0873886,-0.0782317,-0.0154045,0.0919188
1581137616.109046617,-0.00945552,-0.0565384,2.78112e-05,-0.0792687,-0.0707495,-0.0137661,0.084803
1581137616.115469055,-0.0107673,-0.0646486,-0.000134483,-0.0893211,-0.0797408,-0.0152141,0.0921183
1581137616.122289620,-0.0113656,-0.0617129,-2.63102e-05,-0.0881451,-0.0786614,-0.0168731,0.0918108
1581137616.128808797,-0.0108387,-0.057259,0,-0.0816887,-0.0735891,-0.0201019,0.0880951
1581137616.172107990,-0.0117604,-0.0607908,2.78414e-06,-0.084224,-0.0766873,-0.0251449,0.0892059
1581137616.178854498,-0.0107647,-0.0617056,-0.00012194,-0.0847331,-0.0750256,-0.0215121,0.08968
1581137616.185178110,-0.0107235,-0.0630798,-1.76432e-05,-0.0871283,-0.073597,-0.0194716,0.0902854
1581137616.192125467,-0.0110437,-0.0652157,5.50825e-05,-0.0913057,-0.0773482,-0.0209858,0.0959967
1581137616.198870070,-0.00895908,-0.0539478,0.000114183,-0.0739038,-0.0642244,-0.0169959,0.0767847
1581137616.205831755,-0.0105945,-0.0631522,-1.76474e-05,-0.0869369,-0.0763654,-0.0202091,0.0901418
1581137616.212136393,-0.011368,-0.0663506,-4.69046e-05,-0.0932791,-0.0809488,-0.0224358,0.0994696
1581137616.219067063,-0.00902669,-0.0524835,-4.34302e-05,-0.0735255,-0.0634146,-0.0192089,0.0773134
1581137616.225323338,-0.0108723,-0.0635135,3.60266e-05,-0.0894018,-0.0773224,-0.0252397,0.0915816
1581137616.232159275,-0.0108756,-0.0656434,4.64441e-05,-0.0920475,-0.0790544,-0.0278344,0.0971091
1581137616.239090275,-0.00865072,-0.0526573,-3.42378e-05,-0.072577,-0.0631271,-0.0219305,0.0773259
1581137616.249174020,-0.0104931,-0.0621042,-6.97128e-05,-0.0856613,-0.0766376,-0.0215962,0.0838398
1581137616.289336406,-0.01032,-0.0617138,1.09979e-05,-0.0846911,-0.0736199,-0.0156532,0.0853016
1581137616.296020158,-0.00915161,-0.0571815,9.19732e-05,-0.0769839,-0.0672381,-0.0138148,0.0733968
1581137616.302964168,-0.0100891,-0.062525,-4.30699e-05,-0.0849261,-0.0728691,-0.0194976,0.0840817
1581137616.309856425,-0.0105729,-0.0644236,-0.000161423,-0.0892461,-0.0741805,-0.0245355,0.0908782
1581137616.316295638,-0.0103715,-0.0611774,0,-0.085737,-0.0706205,-0.0258463,0.0841287
1581137616.323174508,-0.00958723,-0.0559393,0.000166739,-0.07667,-0.0655377,-0.0245099,0.0756325
1581137616.329876746,-0.0112514,-0.0636552,0.000211616,-0.0865725,-0.0743511,-0.0279258,0.088098
1581137616.336958222,-0.0119706,-0.0642314,-0.000105921,-0.0879077,-0.076315,-0.0286905,0.0882432
1581137616.342677850,-0.0117393,-0.0584772,-0.00016213,-0.0807447,-0.0691962,-0.0257292,0.0786467
1581137616.349669395,-0.0126919,-0.0616299,7.00315e-05,-0.0856569,-0.0708503,-0.0252612,0.0870399
1581137616.356024298,-0.0127173,-0.0621398,0.000124237,-0.0860746,-0.0698181,-0.0206423,0.0906273
1581137616.399352650,-0.0110925,-0.0599896,2.7859e-06,-0.0817513,-0.0662978,-0.0140683,0.0816706
1581137616.406105143,-0.0127003,-0.0681887,-0.000132305,-0.0928806,-0.0751285,-0.0228587,0.09289
1581137616.412830368,-0.0117131,-0.0616841,-0.00014017,-0.085925,-0.0693708,-0.0258879,0.0833931
1581137616.419277547,-0.0116445,-0.0609971,0.000112715,-0.0854133,-0.0709596,-0.0281359,0.0853873
1581137616.426059444,-0.0108311,-0.0571043,0.000103972,-0.0794281,-0.0673835,-0.0276921,0.0794187
1581137616.432791667,-0.0117247,-0.0633118,-7.03735e-05,-0.0858905,-0.0721955,-0.0296329,0.0839818
1581137616.439102993,-0.0120154,-0.0641657,-0.000295894,-0.0882414,-0.0723936,-0.0290611,0.0873805
1581137616.479396588,-0.0100156,-0.0603907,8.95213e-06,-0.0830851,-0.0679911,-0.0149108,0.0829285
1581137616.486112616,-0.00817953,-0.0573421,0.0001805,-0.0775582,-0.0645089,-0.0114475,0.0755632
1581137616.492929705,-0.0082321,-0.0615256,8.61074e-05,-0.0830014,-0.0678409,-0.014389,0.0841983
1581137616.499225633,-0.00842598,-0.0630019,-4.48736e-05,-0.0875172,-0.0699491,-0.0223167,0.0882081
1581137616.509121097,-0.00739054,-0.0565455,-7.47371e-05,-0.0771006,-0.0628466,-0.0228069,0.0745312
1581137616.549237585,-0.00880668,-0.0608647,1.81233e-05,-0.0830828,-0.0674667,-0.0252992,0.0802764
1581137616.555787525,-0.0100631,-0.0613729,4.3233e-05,-0.0829516,-0.0677514,-0.0174203,0.0780497
1581137616.562228030,-0.0115346,-0.0697293,-1.93274e-05,-0.0930979,-0.0770983,-0.0155147,0.0886251
1581137616.570255718,-0.00961709,-0.0573612,-0.000149383,-0.078957,-0.0645996,-0.0120712,0.0785657
1581137616.577183151,-0.0107029,-0.0644187,-6.39764e-05,-0.0882467,-0.0727544,-0.0129331,0.085002
1581137616.583358017,-0.00885761,-0.0558788,6.39833e-05,-0.0757605,-0.0610325,-0.0120935,0.0721132
1581137616.623893728,-0.0107618,-0.0617328,5.93437e-05,-0.0839656,-0.0685789,-0.0226185,0.0814168
1581137616.629954732,-0.0113013,-0.0562598,-0.000155307,-0.0747329,-0.0616866,-0.0278741,0.0708684
1581137616.636354878,-0.013366,-0.0656406,-0.000159242,-0.0896564,-0.0730439,-0.02972,0.0877737
1581137616.642868237,-0.0114505,-0.0547029,-4.60132e-05,-0.0751371,-0.0611627,-0.0177004,0.0740142
1581137616.649178612,-0.0135656,-0.0665051,1.86234e-05,-0.0884374,-0.0733885,-0.0169477,0.0821857
1581137616.693046185,-0.0116985,-0.0596965,1.40013e-05,-0.0810646,-0.0615249,-0.012757,0.0751755
1581137616.699415011,-0.0110481,-0.0609289,-0.000146956,-0.0838896,-0.0642208,-0.0179381,0.078184
1581137616.706357797,-0.00975778,-0.0553439,3.73459e-05,-0.0767364,-0.0610605,-0.02044,0.0705736
1581137616.713004334,-0.0107655,-0.0601241,4.37332e-05,-0.0813489,-0.0655969,-0.0241808,0.0802558
1581137616.719876808,-0.0107011,-0.0615026,0.000157502,-0.0810585,-0.0648048,-0.026092,0.081951
1581137616.726292206,-0.0111093,-0.0636112,-6.23243e-05,-0.0820109,-0.0644622,-0.0279423,0.0777737
1581137616.733106182,-0.00994123,-0.0561157,-0.000140136,-0.0750171,-0.0577489,-0.0251241,0.0686076
1581137616.739283362,-0.0120709,-0.0628411,1.80734e-05,-0.0839087,-0.0650871,-0.0279665,0.0824711
1581137616.746229476,-0.0107413,-0.0546891,0.000211167,-0.0721231,-0.0568465,-0.023071,0.0735369
1581137616.752382821,-0.0128495,-0.0642475,0.000154697,-0.0832123,-0.0674726,-0.0201479,0.080646
1581137616.759080790,-0.0131984,-0.0669447,-0.000280229,-0.0884283,-0.0701523,-0.0162528,0.0801618
1581137616.811470530,-0.0110067,-0.0587322,2.48162e-05,-0.0790541,-0.060863,-0.0149459,0.0733829
1581137616.811990496,-0.0110067,-0.0587322,2.48162e-05,-0.0790541,-0.060863,-0.0149459,0.0733829
1581137616.818653056,-0.0110235,-0.0676448,-1.68097e-05,-0.0909856,-0.0709938,-0.0275671,0.085726
1581137616.869480583,-0.00118311,-0.00701489,-8.25652e-06,-0.00954625,-0.00732653,-0.00303503,0.00930915
1581137616.876356189,-0.0764286,-0.468925,0.000155895,-0.631118,-0.478725,-0.150693,0.590198
1581137616.882915050,-0.00962325,-0.0629253,-6.16276e-05,-0.0828674,-0.0624904,-0.0110144,0.0767043
1581137616.889804523,-0.00907882,-0.0620575,-9.55749e-05,-0.0818659,-0.0614546,-0.0113985,0.0748461
1581137616.896338216,-0.00883743,-0.0617389,5.27624e-05,-0.0832829,-0.0622015,-0.0144301,0.0781651
1581137616.903156824,-0.00889308,-0.0648319,4.60851e-05,-0.0874286,-0.0674583,-0.0201085,0.081549
1581137616.910091641,-0.00714775,-0.0549097,1.78814e-05,-0.0729445,-0.0569816,-0.0193231,0.0655821
1581137616.916321681,-0.00816327,-0.0630202,-4.37852e-05,-0.0826051,-0.0643813,-0.0230446,0.0742053
1581137616.923121375,-0.00728363,-0.0569388,-9.30192e-05,-0.0760362,-0.0579862,-0.0208462,0.0705014
1581137616.967102124,-0.00919524,-0.0605035,8.32697e-05,-0.0812051,-0.0611123,-0.0226236,0.0746977
1581137616.974095943,-0.0132245,-0.0614874,0.000132692,-0.0828236,-0.0616095,-0.0158252,0.0781618
1581137616.980084853,-0.01428,-0.0672518,-0.000140463,-0.0889949,-0.065143,-0.0142987,0.0838353
1581137616.986909943,-0.0114669,-0.0536547,-0.000287756,-0.0699962,-0.0519439,-0.0107955,0.0601512
1581137616.994134988,-0.013572,-0.0628403,-0.000177076,-0.0819722,-0.0607828,-0.0132533,0.0679309
1581137617.000392007,-0.0133219,-0.0604049,-8.68985e-05,-0.0816696,-0.0601495,-0.0128005,0.0712763
1581137617.007253764,-0.011903,-0.0554947,-2.77899e-05,-0.0748359,-0.0551335,-0.0121346,0.0678145
1581137617.013845707,-0.0134645,-0.0649661,4.49785e-05,-0.0851224,-0.0631762,-0.0147957,0.076227
1581137617.020220916,-0.0134712,-0.0630071,0.000106076,-0.0836647,-0.0628373,-0.0194113,0.0705205
1581137617.026907772,-0.012282,-0.0559809,4.71199e-05,-0.0763127,-0.0564201,-0.0201904,0.0658404
1581137617.033998968,-0.013184,-0.0579668,9.38745e-05,-0.0803325,-0.0590641,-0.0236714,0.0723112
1581137617.040310960,-0.0138045,-0.0614601,0.000143702,-0.0831503,-0.0626402,-0.0264414,0.0746179
1581137617.084057762,-0.0106433,-0.0587839,-8.05484e-05,-0.0804357,-0.0590358,-0.0197312,0.0701146
1581137617.090830922,-0.0083444,-0.0606245,3.45998e-05,-0.0803571,-0.0590767,-0.0122702,0.0791638
1581137617.097069472,-0.00731931,-0.0553306,7.49646e-05,-0.0753673,-0.0543559,-0.0106369,0.0717405
1581137617.104106410,-0.00742548,-0.059257,3.45329e-05,-0.0808167,-0.0589617,-0.0128996,0.0738489
1581137617.110950184,-0.0073098,-0.059835,4.32088e-05,-0.0804943,-0.0595153,-0.0121571,0.0752064
1581137617.118099139,-0.00740237,-0.0614362,-3.53292e-05,-0.0822476,-0.0626817,-0.0130381,0.0799509
1581137617.124242254,-0.00730946,-0.0613183,-0.00011476,-0.0832378,-0.0623741,-0.0175762,0.0764492
1581137617.131028330,-0.0066568,-0.0543529,-4.61706e-05,-0.0734923,-0.0548792,-0.0194441,0.0652845
1581137617.137596950,-0.00751908,-0.0616493,0.000116504,-0.0829609,-0.0625043,-0.0246364,0.0754687
1581137617.144315239,-0.00727856,-0.0613354,0.000122191,-0.0816612,-0.0598901,-0.0246284,0.0749063
1581137617.151292275,-0.00640115,-0.0507722,0,-0.0690931,-0.0498519,-0.0212601,0.0618864
1581137617.193690276,-0.00202962,-0.0141959,-1.42852e-05,-0.0191221,-0.0138671,-0.00575177,0.0161227
1581137617.200810200,-0.0698965,-0.329876,-3.31419e-05,-0.443352,-0.307395,-0.0899912,0.383051
1581137617.206920306,-0.0127035,-0.0574742,-9.63292e-06,-0.0768764,-0.0520477,-0.0108915,0.0664091
1581137617.213825541,-0.0134519,-0.0623855,-5.31711e-05,-0.0821114,-0.0550552,-0.0122378,0.0709281
1581137617.219847039,-0.0141005,-0.0658619,-5.65922e-05,-0.0883472,-0.0606197,-0.0141853,0.0780572
1581137617.226850708,-0.0109294,-0.0515092,6.97323e-05,-0.0693239,-0.0493792,-0.0120711,0.0636152
1581137617.233083335,-0.0133873,-0.0636596,0.000199118,-0.0828941,-0.0594651,-0.0194156,0.0745305
1581137617.239980452,-0.0133216,-0.0656402,9.22054e-05,-0.0836452,-0.059681,-0.0231493,0.0739466
1581137617.279986509,-0.0109582,-0.0587996,-7.81565e-05,-0.0781896,-0.0533859,-0.0228694,0.0682068
1581137617.286919397,-0.00942249,-0.0612288,-5.21556e-05,-0.0799695,-0.058649,-0.0137861,0.0732069
1581137617.293379634,-0.00928995,-0.0617424,0.000142921,-0.0826181,-0.0594986,-0.0129791,0.0710235
1581137617.300246453,-0.00905841,-0.0629802,0.00026456,-0.084682,-0.0591561,-0.013875,0.0704422
1581137617.343171123,-0.00734245,-0.0580762,-9.65583e-06,-0.0765316,-0.054472,-0.0125955,0.0658876
1581137617.349722704,-0.00877795,-0.0667369,-0.000206762,-0.0876386,-0.0657426,-0.0229787,0.074669
1581137617.356778966,-0.00834803,-0.0609597,2.61975e-05,-0.0817075,-0.0595469,-0.0229483,0.0656664
1581137617.363145452,-0.00851389,-0.0601519,0.000149685,-0.0810713,-0.0587714,-0.022689,0.0692381
1581137617.371089635,-0.0088846,-0.0588511,8.98839e-05,-0.0787029,-0.0553992,-0.0229906,0.0711742
1581137617.377930897,-0.010062,-0.057458,4.7158e-05,-0.0741589,-0.0508022,-0.0230096,0.0651719
1581137617.384612978,-0.0125404,-0.0625164,0.000150444,-0.0814377,-0.0563285,-0.0244791,0.0687645
1581137617.423896066,-0.0133579,-0.0606145,-0.000106571,-0.0807154,-0.055775,-0.0144982,0.0691494
1581137617.430838736,-0.012671,-0.0584788,5.95802e-05,-0.0780171,-0.0531415,-0.0101436,0.0679501
1581137617.437084915,-0.0116667,-0.0541494,0.000310613,-0.0708775,-0.0491885,-0.0093005,0.0613577
1581137617.443914557,-0.0137089,-0.0650566,0.000111913,-0.085107,-0.0592671,-0.0135317,0.0718644
1581137617.487574593,-0.00178662,-0.00834455,-2.79035e-06,-0.0110182,-0.00790856,-0.00243377,0.0095161
1581137617.494291954,-0.0653714,-0.369382,-0.000486086,-0.48641,-0.34099,-0.139979,0.419537
1581137617.500941277,-0.00893437,-0.0597588,0.000153589,-0.0787283,-0.0525515,-0.0207103,0.0659539
1581137617.507334980,-0.00880359,-0.0635135,0.000287772,-0.0827663,-0.0559545,-0.015422,0.0718045
1581137617.521138477,-0.00784059,-0.0576156,3.58179e-05,-0.0763417,-0.0523148,-0.0111452,0.066813
1581137617.528115977,-0.00792693,-0.0606157,-0.000148734,-0.0801444,-0.0540082,-0.0126866,0.0670815
1581137617.534863651,-0.00801836,-0.0609657,6.10058e-05,-0.078484,-0.0536881,-0.0130995,0.0686528
1581137617.541786974,-0.00796729,-0.0618822,-4.3783e-05,-0.0793315,-0.0542406,-0.0115657,0.0709527
1581137617.548306957,-0.0079907,-0.0608469,-6.05322e-05,-0.0793881,-0.0526487,-0.0106283,0.065586
1581137617.555042652,-0.00750062,-0.0550947,0,-0.0738417,-0.048347,-0.00924302,0.0543307
1581137617.562123821,-0.0082935,-0.0617415,6.18883e-05,-0.0796724,-0.0539413,-0.0121043,0.0604417
1581137617.569385575,-0.00845149,-0.0611863,6.04822e-05,-0.0789208,-0.0533396,-0.0171297,0.0636885
1581137617.612490630,-0.0106247,-0.0599823,7.09112e-06,-0.077589,-0.0526556,-0.021858,0.0636222
1581137617.619045788,-0.0120581,-0.0597089,-0.000213782,-0.078027,-0.0522962,-0.0197804,0.0611457
1581137617.625218397,-0.0125712,-0.0612647,-6.26007e-05,-0.0811945,-0.0557641,-0.0160583,0.0699376
1581137617.632256805,-0.0117383,-0.0608401,7.79693e-05,-0.077499,-0.0544174,-0.0138174,0.0744324
1581137617.638851406,-0.0107263,-0.0588885,9.62306e-06,-0.0749779,-0.0516864,-0.0124883,0.0710687
1581137617.645870068,-0.0112497,-0.0615962,-0.000112669,-0.0795022,-0.0539017,-0.0136851,0.0699251
1581137617.652117137,-0.0102727,-0.0568036,6.64727e-05,-0.074738,-0.0505545,-0.0126082,0.0622437
1581137617.693020008,-0.00186135,-0.0101394,2.65257e-05,-0.0132918,-0.00860673,-0.00204705,0.0117473
1581137617.699106173,-0.0642564,-0.374475,-0.000112701,-0.488629,-0.321278,-0.0821002,0.414896
1581137617.706101708,-0.00964063,-0.0622156,5.27789e-05,-0.0796672,-0.0536498,-0.0209438,0.0647137
1581137617.712237792,-0.00985725,-0.0630436,-5.34284e-05,-0.0802203,-0.054823,-0.0231694,0.0640231
1581137617.723132666,-0.00898778,-0.0558556,-4.05135e-05,-0.0735881,-0.049223,-0.0223439,0.0601672
1581137617.763470455,-0.00883032,-0.0588912,1.65032e-05,-0.0760458,-0.0503486,-0.0167007,0.0636303
1581137617.775399697,-0.00944365,-0.0622345,1.04002e-05,-0.0805442,-0.0497334,-0.0126488,0.0647007
1581137617.782073301,-0.0111669,-0.0610515,6.98006e-05,-0.0788837,-0.0485341,-0.0122836,0.0669316
1581137617.789050446,-0.0118255,-0.0582566,0.000126796,-0.074841,-0.0475926,-0.0109548,0.0637847
1581137617.795940759,-0.0128838,-0.0615242,3.55127e-05,-0.0796734,-0.0496243,-0.0102555,0.0651914
1581137617.802437553,-0.0136729,-0.0610406,5.22549e-05,-0.0791811,-0.0494804,-0.0103984,0.0644196
1581137617.809358831,-0.013144,-0.0548774,-5.54615e-05,-0.0721531,-0.0458615,-0.0144195,0.0599982
1581137617.850232179,-0.0139198,-0.0602669,-5.61042e-05,-0.0765676,-0.0508893,-0.01867,0.0651193
1581137617.856245461,-0.0119835,-0.0673382,-6.78267e-05,-0.085948,-0.0555833,-0.0234148,0.0629497
1581137617.863017631,-0.00883948,-0.0528325,4.44263e-05,-0.0670734,-0.0429128,-0.0187894,0.0491457
1581137617.871013808,-0.00905018,-0.0609943,-2.26639e-05,-0.0766092,-0.0502096,-0.0207746,0.059151
1581137617.923960614,-0.00823589,-0.0594856,2.52847e-05,-0.0758792,-0.048872,-0.0118091,0.0612773
1581137617.931050547,-0.00858723,-0.0603669,5.12686e-05,-0.0762511,-0.0508569,-0.0109284,0.0624603
1581137617.937353185,-0.00860124,-0.0620217,-5.2555e-05,-0.0781731,-0.0534222,-0.0146624,0.070728
1581137617.944433670,-0.00913493,-0.0641379,-4.605e-05,-0.0814225,-0.0574764,-0.0180765,0.0775733
1581137617.951055978,-0.00734541,-0.0508189,-2.60484e-05,-0.0659265,-0.0468023,-0.016436,0.0589544
1581137617.958167833,-0.00822001,-0.059785,5.2414e-05,-0.0777362,-0.0532929,-0.0200215,0.064013
1581137617.965423209,-0.00897328,-0.068045,0.000163511,-0.084924,-0.057429,-0.0222072,0.0724114
1581137617.972292078,-0.00757763,-0.0573532,-0.000127597,-0.0712751,-0.0470224,-0.019302,0.0641511
1581137617.979253337,-0.00767998,-0.0547728,-0.000193387,-0.0711457,-0.0438624,-0.0206365,0.061182
1581137617.985994639,-0.00980807,-0.0599595,6.12582e-05,-0.0774845,-0.0487446,-0.0240346,0.0599158
1581137617.992822697,-0.0112089,-0.0599416,0.000280878,-0.0763907,-0.0499546,-0.0200478,0.058783
1581137617.999411731,-0.0119041,-0.0615419,4.31842e-05,-0.075407,-0.0501181,-0.0139687,0.0610495
1581137618.042519680,-0.0132997,-0.0608304,-4.15647e-05,-0.0776633,-0.0499834,-0.0113669,0.0616701
1581137618.048996171,-0.0110809,-0.0520891,-1.75946e-05,-0.0659227,-0.0422412,-0.0081524,0.0529597
1581137618.056150084,-0.0114547,-0.0576109,3.37111e-05,-0.074106,-0.0477542,-0.00858894,0.0586898
1581137618.063043843,-0.0116233,-0.0605753,8.81357e-05,-0.0788871,-0.0515621,-0.0138264,0.0634745
1581137618.070845795,-0.0118519,-0.0646189,0,-0.0815169,-0.0548321,-0.018264,0.0675598
1581137618.078119239,-0.0110045,-0.0595561,-0.000102849,-0.0763542,-0.0506411,-0.017938,0.0609874
1581137618.083980827,-0.0103076,-0.0543036,1.84286e-05,-0.069765,-0.0462309,-0.0163556,0.0553455
1581137618.090385532,-0.0121779,-0.0644332,9.37625e-05,-0.0825829,-0.054569,-0.0196871,0.0663925
1581137618.096999908,-0.0100306,-0.0546721,-6.37865e-05,-0.0684107,-0.0442114,-0.016408,0.0571592
1581137618.103322760,-0.0121232,-0.0654785,-0.000160503,-0.0832667,-0.0534176,-0.0202148,0.0678767
1581137618.110136119,-0.00965867,-0.0524429,-7.06377e-05,-0.0680698,-0.042929,-0.0161213,0.0530168
1581137618.187785679,-0.00555249,-0.0338377,2.18451e-05,-0.0431756,-0.0275957,-0.00946506,0.0353465
1581137618.194349987,-0.0542885,-0.359794,-4.65497e-05,-0.460437,-0.284557,-0.060155,0.370177
1581137618.200828404,-0.0096934,-0.0616022,1.75504e-05,-0.077152,-0.0492817,-0.0104222,0.0656674
1581137618.207459708,-0.00984438,-0.0607845,-4.38214e-05,-0.0774664,-0.0506052,-0.0137278,0.061626
1581137618.214096861,-0.00975838,-0.055531,1.8919e-05,-0.071735,-0.0462951,-0.01716,0.0549157
1581137618.220867379,-0.0112838,-0.0615212,9.72821e-05,-0.0779163,-0.0492382,-0.0203833,0.0608226
1581137618.227124005,-0.0124869,-0.0659243,9.3813e-05,-0.0812257,-0.0522666,-0.021709,0.0678476
1581137618.234116112,-0.0101959,-0.0530028,-2.62788e-05,-0.0655637,-0.0420028,-0.0182895,0.0539926
1581137618.240412254,-0.0122722,-0.0623165,-0.00013398,-0.0784739,-0.0497746,-0.0227669,0.0604319
1581137618.247493900,-0.0113057,-0.0591262,-2.58917e-05,-0.075239,-0.0470731,-0.0220073,0.0567097
1581137618.254148786,-0.0108382,-0.0572986,9.66312e-06,-0.0716498,-0.0453525,-0.0176808,0.0570187
1581137618.261334881,-0.0111187,-0.0620626,-6.16914e-05,-0.0768207,-0.0495206,-0.0133625,0.0648539
1581137618.305366006,-0.0104332,-0.0594538,1.62495e-05,-0.0748619,-0.0465632,-0.0111292,0.0599291
1581137618.311291737,-0.0121301,-0.0663628,-8.69916e-05,-0.083983,-0.0528274,-0.0118015,0.0659666
1581137618.318129411,-0.00968087,-0.0511904,0,-0.0661702,-0.0419398,-0.00847296,0.0522132
1581137618.324322673,-0.012141,-0.0672307,-2.93507e-05,-0.0862004,-0.0550994,-0.0115834,0.0707526
1581137618.334084341,-0.0108483,-0.0614158,8.65977e-06,-0.0762758,-0.0501031,-0.0110649,0.0642059
1581137618.338116537,-0.0103083,-0.0574634,-2.87775e-05,-0.0726283,-0.047637,-0.0118728,0.0575882
1581137618.344204532,-0.0109301,-0.0595844,7.77506e-05,-0.0754224,-0.0489394,-0.0146628,0.0583921
1581137618.351101999,-0.0106046,-0.059676,2.60564e-05,-0.0751704,-0.0464415,-0.0171967,0.0592678
1581137618.357784713,-0.0094684,-0.0538094,0.000136831,-0.0674373,-0.0402672,-0.0158263,0.0550591
1581137618.365322985,-0.007831,-0.0482645,0,-0.0592439,-0.0349039,-0.0142476,0.048704
1581137618.405917095,-0.00950768,-0.0619561,-2.68967e-05,-0.0776603,-0.0465525,-0.0187808,0.0625045
1581137618.448765761,-0.00125862,-0.00829389,-8.46629e-06,-0.0103413,-0.00645902,-0.00138279,0.00810481
1581137618.455026325,-0.0667289,-0.388373,5.62102e-05,-0.487065,-0.300708,-0.0671973,0.393338
1581137618.461935821,-0.0105873,-0.0613396,0.000140929,-0.0751419,-0.0480288,-0.0089226,0.0634624
1581137618.469267053,-0.0101953,-0.0603233,-6.16886e-05,-0.0754311,-0.0495913,-0.00971713,0.060277
1581137618.476135168,-0.0093558,-0.0554259,-4.66462e-05,-0.069455,-0.04449,-0.0135813,0.0547263
1581137618.483015495,-0.00990563,-0.0602519,-4.35128e-05,-0.075972,-0.0476862,-0.0167124,0.0618013
1581137618.489455482,-0.010231,-0.0616526,6.21643e-05,-0.0764219,-0.0476595,-0.0180109,0.0642814
1581137618.496381820,-0.00973004,-0.0599689,8.5829e-06,-0.0729451,-0.0454537,-0.0173818,0.060862
1581137618.503024031,-0.0093468,-0.0560431,-4.71961e-05,-0.0699311,-0.0424326,-0.0165032,0.0532579
1581137618.510061786,-0.0104667,-0.0609319,-2.65661e-05,-0.0754454,-0.0459331,-0.0189676,0.0570622
1581137618.549006055,-0.0105742,-0.0596539,-7.49742e-06,-0.0737963,-0.0457956,-0.0152864,0.0587708
1581137618.555965357,-0.0109185,-0.0606849,2.58535e-05,-0.0743782,-0.0452526,-0.00897951,0.0599869
1581137618.599641921,-0.010109,-0.0597536,0,-0.0738034,-0.0436009,-0.00956398,0.0578927
1581137618.606669319,-0.00930412,-0.0596579,-0.000102906,-0.0740471,-0.0474999,-0.0118595,0.0565022
1581137618.612849933,-0.00908849,-0.0564236,-9.60176e-06,-0.0707385,-0.0466684,-0.0132485,0.0527825
1581137618.619379930,-0.00972125,-0.0602945,9.659e-05,-0.0748895,-0.0485869,-0.0166587,0.0590475
1581137618.626244277,-0.00913189,-0.0575669,0.000132631,-0.0684607,-0.0444999,-0.0149388,0.0575195
1581137618.632893358,-0.00990545,-0.062244,-1.76313e-05,-0.0763796,-0.0474334,-0.0146643,0.0628168
1581137618.639444501,-0.00866299,-0.0521531,-4.37874e-05,-0.0657914,-0.0392699,-0.0125171,0.0506903
1581137618.646218497,-0.0113684,-0.0636686,1.85651e-05,-0.0802104,-0.0476581,-0.0150093,0.0613467
1581137618.652929440,-0.0113068,-0.0599182,6.21869e-05,-0.075293,-0.0449076,-0.0154903,0.0602291
1581137618.659288105,-0.0115491,-0.0625942,3.57791e-05,-0.0761561,-0.0448867,-0.01587,0.0630504
1581137618.667264448,-0.0104127,-0.0563462,-0.000103488,-0.0678416,-0.0413068,-0.0144249,0.056386
1581137618.710597815,-0.00181517,-0.0097363,-1.67559e-05,-0.0118447,-0.00735451,-0.00257615,0.00921409
1581137618.750721272,-0.0208368,-0.112445,1.60754e-05,-0.139869,-0.0871181,-0.0229078,0.109153
1581137618.757228471,-0.010892,-0.057664,4.88504e-05,-0.0706465,-0.0472957,-0.00667195,0.0575859
1581137618.763247245,-0.011202,-0.0611701,-4.41092e-05,-0.0748066,-0.0496911,-0.00784143,0.0600058
1581137618.770095185,-0.00953065,-0.052261,-1.75095e-05,-0.0640429,-0.0416826,-0.0113527,0.0499308
1581137618.777471602,-0.00975314,-0.0571897,-1.66208e-05,-0.0707228,-0.0450738,-0.0163826,0.0541159
1581137618.784229639,-0.00967736,-0.0607532,0,-0.0738628,-0.0472863,-0.0161525,0.0593556
1581137618.790949827,-0.0089989,-0.0610238,1.75818e-05,-0.0737136,-0.0469489,-0.0158711,0.0619377
1581137618.797896718,-0.00909129,-0.0634003,2.75502e-05,-0.0797096,-0.0484722,-0.0173286,0.064438
1581137618.803971861,-0.00742128,-0.0541424,1.82685e-05,-0.0679339,-0.0394096,-0.0153087,0.0524882
1581137618.810357010,-0.00869595,-0.0647148,-0.000112192,-0.0801992,-0.0474855,-0.0198604,0.0616945
1581137618.817025046,-0.00715238,-0.0533061,0,-0.0662368,-0.0402863,-0.0172076,0.0529058
1581137618.862379457,-0.00766337,-0.0581858,1.33434e-05,-0.071535,-0.0424932,-0.0118413,0.0565245
1581137618.870412884,-0.0101887,-0.0666997,3.72586e-05,-0.0810175,-0.0487029,-0.0107029,0.0670052
1581137618.876930129,-0.00924925,-0.0568251,3.85514e-05,-0.0694657,-0.0424695,-0.00917218,0.0539539
1581137618.883887231,-0.0101132,-0.0598246,-3.42067e-05,-0.0715878,-0.0447548,-0.0093353,0.0540456
1581137618.890431953,-0.00965643,-0.0571339,1.89405e-05,-0.0678601,-0.0434426,-0.00965643,0.0533754
1581137618.897257278,-0.0101745,-0.0607638,0,-0.0711101,-0.0460627,-0.0102432,0.0584027
1581137618.904080890,-0.0102001,-0.0600624,-2.60658e-05,-0.0738247,-0.0453878,-0.00898374,0.0586896
1581137618.910837056,-0.0105463,-0.0605171,-7.98989e-05,-0.0755287,-0.0458783,-0.0083536,0.0562471
1581137618.917604163,-0.0101682,-0.060041,4.36094e-05,-0.0735752,-0.0442585,-0.00796186,0.0539889
1581137618.924031815,-0.00950128,-0.0571981,3.80767e-05,-0.0683749,-0.0420417,-0.00980593,0.0525998
1581137618.931133552,-0.0100646,-0.059667,8.47415e-06,-0.0712408,-0.0437111,-0.0136513,0.0587936
1581137618.982525001,-0.0109923,-0.0594837,-2.20712e-05,-0.0722639,-0.0439572,-0.0158998,0.0573427
1581137619.022588947,-0.0105124,-0.0587235,4.2588e-05,-0.0715329,-0.0438976,-0.0111399,0.0562931
1581137619.029039812,-0.00920132,-0.0605517,-8.59107e-05,-0.071918,-0.0454859,-0.00923568,0.055122
1581137619.035921036,-0.0093859,-0.0613449,-0.000239082,-0.0745383,-0.0431822,-0.00963383,0.0587239
1581137619.042401208,-0.00900582,-0.0599542,-0.000122402,-0.0738389,-0.0400103,-0.00991514,0.0592548
1581137619.049356328,-0.00876109,-0.0588146,0.000163517,-0.0710096,-0.0400566,-0.0100778,0.0570848
1581137619.056442770,-0.00841527,-0.0587452,0.000170172,-0.0690239,-0.0402844,-0.010534,0.0544993
1581137619.063467844,-0.00889405,-0.0596953,0,-0.0701509,-0.0393375,-0.00925049,0.0561224
1581137619.072004579,-0.0104163,-0.058349,2.94345e-05,-0.0724361,-0.0391465,-0.00818005,0.0561716
1581137619.078502816,-0.0124726,-0.0596613,3.50803e-05,-0.075081,-0.0412173,-0.00797297,0.0582842
1581137619.085447826,-0.0128803,-0.0594605,6.09996e-05,-0.0729857,-0.0409521,-0.0101962,0.05587
1581137619.092042577,-0.0126049,-0.0558177,9.46998e-05,-0.0674567,-0.0397751,-0.0123397,0.0511394
1581137619.136247192,-0.0130482,-0.0590743,-2.8592e-05,-0.0717535,-0.0429045,-0.0139863,0.0566439
1581137619.143246448,-0.0128406,-0.0594645,-5.97755e-05,-0.0708878,-0.042893,-0.0156836,0.0591827
1581137619.150044671,-0.0123953,-0.0581988,-5.90218e-05,-0.0703242,-0.0419989,-0.0166535,0.0558378
1581137619.156860446,-0.0118746,-0.0619098,-4.40358e-05,-0.0734232,-0.0451867,-0.0187896,0.0566508
1581137619.163163892,-0.00973618,-0.0578489,-0.000192617,-0.0690778,-0.0431435,-0.01667,0.0544879
1581137619.171117739,-0.00928,-0.058601,-0.000134809,-0.0712215,-0.0456105,-0.011115,0.0579944
1581137619.177452847,-0.00919401,-0.0623452,-1.81402e-05,-0.0767618,-0.0497456,-0.00819663,0.0577844
1581137619.218619674,-0.00815617,-0.0596504,7.90438e-05,-0.0711908,-0.0444707,-0.00755309,0.0514635
1581137619.224746972,-0.00731246,-0.0591441,-3.90471e-05,-0.0696002,-0.0422229,-0.00907955,0.0523393
1581137619.231332695,-0.00737106,-0.0607269,-8.6614e-05,-0.0735028,-0.0432528,-0.0100648,0.0533645
1581137619.238202567,-0.00680184,-0.0561367,0,-0.0696064,-0.0413888,-0.0089352,0.0541373
1581137619.248365942,-0.00687524,-0.0589418,4.32858e-05,-0.0719303,-0.0449159,-0.00866764,0.0627085
1581137619.288615849,-0.00994059,-0.0598518,3.28897e-05,-0.0707256,-0.0424812,-0.0117289,0.0588035
1581137619.295177173,-0.013087,-0.0557745,-5.54161e-05,-0.0646408,-0.0373862,-0.00980834,0.0527637
1581137619.301944143,-0.0150713,-0.0612394,-0.000176697,-0.0720172,-0.0423905,-0.0112372,0.0554264
1581137619.308282874,-0.0156478,-0.0604587,-9.77356e-05,-0.0712105,-0.0434194,-0.0111961,0.0576242
1581137619.315121552,-0.0160603,-0.0616376,0.000100483,-0.0745462,-0.045517,-0.012534,0.0623776
1581137619.321465476,-0.013232,-0.0548623,0.000145322,-0.0635534,-0.0405986,-0.0119242,0.0545535
1581137619.328364965,-0.0144475,-0.0619204,-1.73602e-05,-0.070589,-0.0463015,-0.0139009,0.0572
1581137619.335297097,-0.0130787,-0.0555614,-0.000176238,-0.0638075,-0.0413919,-0.0132735,0.0512111
1581137619.341922635,-0.0133936,-0.0617217,-0.000116387,-0.0731725,-0.0459251,-0.0147366,0.0573168
1581137619.348765578,-0.0108691,-0.0578181,-7.66052e-05,-0.0708491,-0.042775,-0.0142226,0.0572479
1581137619.355017018,-0.0110973,-0.0658805,0.000133008,-0.0787355,-0.0461525,-0.0148217,0.0633437
1581137619.398868196,-0.00793101,-0.058425,3.02344e-05,-0.0692407,-0.0400632,-0.0108981,0.0499636
1581137619.405227904,-0.00743388,-0.055778,-0.000238573,-0.0687849,-0.0399731,-0.0065464,0.0507489
1581137619.412120093,-0.00809591,-0.058416,-7.73362e-05,-0.0715998,-0.0415281,-0.0064286,0.054179
1581137619.418937756,-0.00822218,-0.0607784,0.000221966,-0.0717265,-0.0432596,-0.00664166,0.061764
1581137619.425270080,-0.00793994,-0.06066,0.000209872,-0.0712495,-0.0420571,-0.00655832,0.0609223
1581137619.432184347,-0.00715589,-0.0559053,-3.72657e-05,-0.0654,-0.0375982,-0.00604709,0.0548152
1581137619.438839019,-0.00795171,-0.062425,-8.10505e-05,-0.0741409,-0.0431536,-0.00698815,0.0597954
1581137619.478112748,-0.00924867,-0.0595811,-1.36662e-05,-0.0715249,-0.0459096,-0.0118376,0.0571759
1581137619.484381176,-0.0125317,-0.0606254,7.01149e-05,-0.0712379,-0.0472103,-0.0130926,0.0574705
1581137619.491146974,-0.0113486,-0.0534125,0.000124997,-0.0621985,-0.0399585,-0.0116879,0.0528322
1581137619.497577054,-0.0145822,-0.0651927,-0.000142409,-0.077525,-0.0493972,-0.0152847,0.0642149
1581137619.504153175,-0.0123878,-0.0522186,-4.42962e-05,-0.0626127,-0.0389039,-0.0121486,0.0495602
1581137619.547387855,-0.0139229,-0.0594735,-1.99137e-05,-0.0704068,-0.0427055,-0.0115235,0.0530561
1581137619.554224624,-0.010528,-0.0587072,1.67432e-05,-0.0680803,-0.0405184,-0.00745661,0.0461958
1581137619.560465999,-0.0102357,-0.0634412,-6.33472e-05,-0.0743557,-0.0413843,-0.00867904,0.0548979
1581137619.568994050,-0.00882613,-0.058143,5.1785e-05,-0.0699136,-0.0385894,-0.00870036,0.0536818
1581137619.575970726,-0.00850638,-0.0579423,2.55711e-05,-0.0695682,-0.0392077,-0.00842115,0.0548483
1581137619.582265952,-0.00788998,-0.0564836,3.77014e-05,-0.0649957,-0.0373893,-0.00879492,0.048801
1581137619.589132801,-0.00812504,-0.0613737,2.61544e-05,-0.0699869,-0.0397255,-0.00967681,0.052865
1581137619.595436844,-0.0084556,-0.0630539,3.58625e-05,-0.073805,-0.0409456,-0.00971095,0.0600411
1581137619.602401849,-0.00805245,-0.0600336,-6.06716e-05,-0.0709118,-0.0401218,-0.00833849,0.0622353
1581137619.609034676,-0.0075882,-0.0562856,-6.74041e-05,-0.0661175,-0.0388424,-0.00719338,0.0583945
1581137619.616066392,-0.00796719,-0.060575,2.60658e-05,-0.0692286,-0.0420376,-0.00745457,0.0573255
1581137619.659152988,-0.0010553,-0.00838428,5.53168e-06,-0.00970928,-0.00578463,-0.000825704,0.00754475
1581137619.667186845,-0.0464476,-0.338619,9.10171e-05,-0.397657,-0.238069,-0.0591669,0.321857
1581137619.673977774,-0.0107802,-0.0602385,8.80945e-06,-0.0711949,-0.0427751,-0.0117762,0.0606616
1581137619.680386827,-0.0117754,-0.0597573,4.40106e-05,-0.0713743,-0.0422015,-0.0122507,0.0596165
1581137619.720323892,-0.013088,-0.0585912,-7.60073e-06,-0.0689296,-0.0411228,-0.0116,0.0518504
1581137619.726430809,-0.0157505,-0.0625557,0.00010715,-0.0723507,-0.0429729,-0.0124201,0.0531625
1581137619.733071148,-0.0141608,-0.05575,-0.000122236,-0.066554,-0.0386649,-0.0109074,0.0481807
1581137619.739394026,-0.0155165,-0.061948,-0.000127252,-0.0757829,-0.0445771,-0.012226,0.0561941
1581137619.746487125,-0.0135314,-0.0580406,-1.71016e-05,-0.0698282,-0.0435741,-0.0106507,0.0546727
1581137619.753143968,-0.0112317,-0.0575542,-9.69059e-05,-0.0665085,-0.0427019,-0.00778179,0.0540945
1581137619.759974693,-0.0100865,-0.0588069,-0.000178003,-0.0671728,-0.0442925,-0.00717922,0.054162
1581137619.766922928,-0.00958173,-0.0607047,-2.62043e-05,-0.0707581,-0.0469147,-0.00702252,0.0537957
1581137619.810103906,-0.00818803,-0.0590971,4.3198e-05,-0.0696484,-0.0448407,-0.00762228,0.0541447
1581137619.816737658,-0.00839177,-0.0604084,-2.61705e-05,-0.0703268,-0.0412016,-0.00699603,0.0565528
1581137619.823070354,-0.00774507,-0.0563612,2.82332e-05,-0.0652449,-0.0374624,-0.00607937,0.051637
1581137619.829987637,-0.00846244,-0.0599393,8.67027e-05,-0.0706821,-0.0413411,-0.00564451,0.0540694
1581137619.836302090,-0.00876604,-0.0619096,0.000125623,-0.0726765,-0.0437136,-0.00608328,0.0552162
1581137619.843476239,-0.00837324,-0.059299,0,-0.0693709,-0.0414681,-0.0075668,0.0549923
1581137619.850359271,-0.00790957,-0.0553856,2.78019e-05,-0.0646582,-0.0391677,-0.0101721,0.0529561
1581137619.857117234,-0.00844434,-0.0611632,2.58772e-05,-0.0697456,-0.0420647,-0.011515,0.0577907
1581137619.864984069,-0.00877985,-0.0617428,-5.31968e-05,-0.0706557,-0.0427676,-0.011804,0.0573706
1581137619.871354911,-0.00858976,-0.0601513,-0.000244778,-0.0692,-0.0421732,-0.01207,0.0544987
1581137619.878568841,-0.00844192,-0.0596671,-0.000102729,-0.0688282,-0.0416993,-0.0117896,0.055018
1581137619.921653109,-0.00136508,-0.00853528,3.25012e-05,-0.00973926,-0.00587634,-0.00170423,0.00804916
1581137619.928636993,-0.0692967,-0.343142,0,-0.396967,-0.244012,-0.0690541,0.315455
1581137619.935330192,-0.0120749,-0.0511724,-4.35354e-05,-0.0598085,-0.0336808,-0.00427452,0.0488479
1581137619.942132582,-0.0154345,-0.0643323,3.76118e-05,-0.0754335,-0.0415697,-0.0046999,0.0575738
1581137619.949102277,-0.0132894,-0.060537,0.000188991,-0.0686034,-0.0375918,-0.00502542,0.0516716
1581137619.955419752,-0.0134081,-0.0637218,7.13584e-05,-0.0712065,-0.0386096,-0.00512951,0.0561748
1581137619.962455090,-0.0125045,-0.059667,-0.000127862,-0.0694183,-0.0373004,-0.00542117,0.0552942
1581137619.970282567,-0.0111147,-0.0558665,-0.000236133,-0.0662564,-0.0359057,-0.00623725,0.0526094
1581137619.976994873,-0.0118493,-0.0593607,-1.75704e-05,-0.0706122,-0.0382552,-0.00746293,0.0527768
1581137619.983594206,-0.0116183,-0.0613433,0.000149397,-0.0698242,-0.0397097,-0.00823478,0.0520715
1581137619.990128947,-0.0105618,-0.057674,1.89003e-05,-0.0647498,-0.0394507,-0.00824724,0.0503053
1581137619.996933417,-0.0116493,-0.0615096,-0.000131585,-0.0700097,-0.045362,-0.00882468,0.0613868
1581137620.039616500,-0.00961465,-0.0594498,0,-0.0687246,-0.0424186,-0.00784582,0.0572265
1581137620.046973121,-0.00906229,-0.0572311,0.000240883,-0.0630622,-0.0394189,-0.00642916,0.0531942
1581137620.053286298,-0.0103427,-0.066846,0.000219444,-0.0727424,-0.0456911,-0.0104667,0.0594992
1581137620.060976706,-0.00858228,-0.0550139,-3.11479e-05,-0.0603019,-0.0384038,-0.0103424,0.0492274
1581137620.069106633,-0.00931136,-0.0582775,-0.000229821,-0.0664916,-0.0428796,-0.0110906,0.0562462
1581137620.075604118,-0.00969413,-0.0608329,-8.89343e-05,-0.0705092,-0.0462472,-0.00978307,0.0598546
1581137620.082903347,-0.00896941,-0.0583138,0.000109279,-0.0668798,-0.0430667,-0.00901146,0.0531356
1581137620.089392623,-0.0101334,-0.0659239,0.000189051,-0.0740534,-0.0472338,-0.008914,0.0582482
1581137620.096274514,-0.00794587,-0.051865,-0.000138791,-0.0578764,-0.0363359,-0.00671408,0.0462179
1581137620.102946599,-0.00987645,-0.0613107,-0.000249797,-0.0698579,-0.0433243,-0.00804747,0.0566535
1581137620.109395060,-0.0104203,-0.0644295,-9.40785e-06,-0.0739196,-0.0447408,-0.0092928,0.0611032
1581137620.116332951,-0.00829821,-0.0515872,0.000233394,-0.0581393,-0.0338567,-0.00758077,0.0481037
1581137620.162538911,-0.011149,-0.0590785,6.51468e-06,-0.0672236,-0.0404809,-0.0103384,0.0539686
1581137620.170105501,-0.0114449,-0.0595892,-0.000143534,-0.0680199,-0.0414465,-0.0110143,0.0547241
1581137620.177045319,-0.0111609,-0.0604277,-5.2441e-05,-0.0683198,-0.0413223,-0.0102082,0.0565646
1581137620.183245819,-0.011824,-0.0672378,5.71687e-05,-0.0741645,-0.0455811,-0.0103091,0.0612639
1581137620.190245249,-0.00887703,-0.0519362,8.60986e-05,-0.0578944,-0.0370579,-0.00761135,0.0460383
1581137620.196971371,-0.0108981,-0.0616579,0.000142825,-0.0718509,-0.0452705,-0.00890772,0.0562847
1581137620.203476832,-0.0109642,-0.0608592,-4.4146e-05,-0.0707729,-0.0439698,-0.00831584,0.0567366
1581137620.210335867,-0.0102382,-0.0559868,0,-0.0631526,-0.0412749,-0.00716579,0.0542633
1581137620.217032360,-0.0110962,-0.0616077,-3.50549e-05,-0.0685231,-0.0469372,-0.00803732,0.0576723
1581137620.223563942,-0.0111988,-0.0613385,-4.3958e-05,-0.0688542,-0.0475237,-0.0083947,0.0557391
1581137620.230212179,-0.0101752,-0.0549949,-0.000112333,-0.0637847,-0.0432695,-0.00846219,0.0493877
1581137620.273225395,-0.0107939,-0.0594307,2.79941e-05,-0.0677417,-0.0434711,-0.0066398,0.0517048
1581137620.279437481,-0.0103368,-0.062012,-9.73584e-05,-0.0690654,-0.0407242,-0.00471704,0.0529407
1581137620.286478530,-0.00985795,-0.0604792,-1.70602e-05,-0.0671536,-0.0389607,-0.00524905,0.0532756
1581137620.293014138,-0.00914769,-0.0575494,-6.756e-05,-0.0661181,-0.0389375,-0.00577037,0.0533518
1581137620.300001083,-0.00931448,-0.0590981,3.45416e-05,-0.0677306,-0.0412841,-0.00660387,0.0523907
1581137620.307027439,-0.00907044,-0.0586585,2.60404e-05,-0.0679026,-0.0411773,-0.0063797,0.0511157
1581137620.313270632,-0.00979799,-0.0646108,0.000130633,-0.0746514,-0.043686,-0.00654133,0.0597957
1581137620.320277421,-0.00773613,-0.052279,2.57879e-05,-0.0588547,-0.0337089,-0.00501987,0.0524337
1581137620.327060067,-0.00952638,-0.0615873,-4.45642e-05,-0.0705879,-0.0412495,-0.00663016,0.0628171
1581137620.338254847,-0.0100008,-0.0601721,-0.000123242,-0.0681217,-0.0409751,-0.00696358,0.0597231
1581137620.339935881,-0.00958797,-0.0544507,1.87694e-05,-0.0619747,-0.0372711,-0.00660464,0.0499194
1581137620.346879862,-0.010877,-0.0592462,0.000112044,-0.0666498,-0.0402123,-0.00728295,0.0548161
1581137620.397600065,-0.0104794,-0.0599489,-2.36462e-05,-0.0680862,-0.0424811,-0.0120304,0.0571198
1581137620.405121896,-0.00940832,-0.0552073,1.61432e-05,-0.0632358,-0.039402,-0.00885963,0.0506887
1581137620.411849912,-0.0105505,-0.0616639,0.000223908,-0.0695454,-0.0436636,-0.00521256,0.0520897
1581137620.419079047,-0.00984174,-0.0573564,7.43731e-05,-0.0643225,-0.0397438,-0.0028013,0.047556
1581137620.425409849,-0.0112661,-0.0633445,-5.4515e-05,-0.0718032,-0.0433636,-0.00334348,0.0555764
1581137620.432461616,-0.0105706,-0.0589129,-0.000196857,-0.0678487,-0.04055,-0.00359486,0.054291
1581137620.439279166,-0.0100486,-0.0545044,-6.47233e-05,-0.062094,-0.0373322,-0.00361453,0.0510378
1581137620.479847433,-0.0109471,-0.0599279,1.02811e-05,-0.0666033,-0.0414049,-0.00533332,0.0533317
1581137620.486701452,-0.0107506,-0.0616802,0.000122757,-0.0691601,-0.0427359,-0.00558578,0.0535778
1581137620.493169993,-0.009622,-0.0554585,4.71738e-05,-0.0651088,-0.0390314,-0.00534869,0.0505626
1581137620.500054429,-0.00985402,-0.0602143,-0.000190333,-0.0680958,-0.0424268,-0.00580513,0.05543
1581137620.542285376,-0.00163898,-0.0098581,-5.70765e-06,-0.0110263,-0.00704089,-0.00133372,0.00918767
1581137620.550789103,-0.0492729,-0.299918,0.000176664,-0.333822,-0.218312,-0.0394414,0.27007
1581137620.557348354,-0.011479,-0.0617543,8.87273e-06,-0.0696644,-0.0438778,-0.00559304,0.0549982
1581137620.565503307,-0.00989224,-0.050795,-3.70553e-05,-0.0574343,-0.0362434,-0.00474236,0.047468
1581137620.573196590,-0.0127672,-0.0664947,-8.36071e-05,-0.0734593,-0.0462595,-0.00623727,0.0644295
1581137620.579511025,-0.0116047,-0.0619118,0,-0.0676488,-0.0426591,-0.00578925,0.0580756
1581137620.586454828,-0.0116163,-0.0614699,-2.60658e-05,-0.0682468,-0.0433999,-0.00794112,0.0556139
1581137620.593222972,-0.0103403,-0.0556777,-3.71574e-05,-0.0624226,-0.0402834,-0.00847291,0.0494346
1581137620.600047188,-0.0114594,-0.0599226,-8.77609e-06,-0.0678695,-0.0443694,-0.00942217,0.0568492
1581137620.606562408,-0.0104154,-0.0566592,9.54112e-06,-0.0642392,-0.0419746,-0.00866833,0.0540816
1581137620.613420585,-0.0112213,-0.0624486,0.000148911,-0.0686155,-0.0445558,-0.00913647,0.0589184
1581137620.619969388,-0.011348,-0.0625955,-8.83982e-06,-0.0694503,-0.0414084,-0.00911912,0.0563952
1581137620.662681166,-0.0115605,-0.0599017,-2.37718e-05,-0.0664056,-0.0403901,-0.00907419,0.0543808
1581137620.670853643,-0.0110713,-0.0581522,7.39142e-06,-0.0664058,-0.0430725,-0.00965137,0.0507048
1581137620.677103359,-0.0105104,-0.0581026,0.000164672,-0.0639729,-0.0423903,-0.0101132,0.0526973
1581137620.684177156,-0.0105419,-0.0609098,1.70363e-05,-0.0658231,-0.0424811,-0.00682073,0.0556048
1581137620.691185031,-0.0103054,-0.0604072,-0.000103662,-0.0674646,-0.0424586,-0.00372309,0.0561053
1581137620.731754065,-0.00911725,-0.0597258,-2.64959e-05,-0.0667013,-0.0409154,-0.00274371,0.0546534
1581137620.738250331,-0.00821749,-0.0568113,4.80629e-05,-0.0629816,-0.039444,-0.00358494,0.0498432
1581137620.744537147,-0.00887751,-0.0607822,0.000113365,-0.0656046,-0.0431423,-0.00442131,0.0531168
1581137620.751451042,-0.0077488,-0.0519395,7.81853e-05,-0.0570127,-0.0368467,-0.0042653,0.0486124
1581137620.758146963,-0.0104563,-0.0671682,-3.84376e-05,-0.0743377,-0.0473455,-0.00603544,0.0648329
1581137620.764623990,-0.01046,-0.0599901,1.7467e-05,-0.0666926,-0.0422526,-0.00761128,0.0578841
1581137620.775203528,-0.00927867,-0.0522452,0,-0.0571921,-0.0357369,-0.00719624,0.0472632
1581137620.816255652,-0.0110194,-0.0603854,-1.34972e-05,-0.0667279,-0.040484,-0.00693235,0.0551537
1581137620.823007597,-0.0108685,-0.059816,0.000112941,-0.067053,-0.0448155,-0.00506503,0.0552983
1581137620.829543900,-0.0114266,-0.0610944,1.75718e-05,-0.0670316,-0.0471329,-0.00379425,0.0568346
1581137620.836477253,-0.0106249,-0.0552197,-4.65667e-05,-0.0612166,-0.0420601,-0.00324055,0.0524634
1581137620.842979693,-0.0122642,-0.0625463,-4.43938e-05,-0.0682832,-0.0460372,-0.00475114,0.0560635
1581137620.849952038,-0.0118482,-0.0603744,1.71614e-05,-0.0673202,-0.0437663,-0.00675692,0.0540639
1581137620.889564796,-0.0115445,-0.0596281,1.6453e-05,-0.0654519,-0.0408263,-0.00875076,0.0545161
1581137620.896172643,-0.011247,-0.0596975,-7.01367e-05,-0.067438,-0.0429892,-0.00737233,0.0602673
1581137620.902414705,-0.0102653,-0.0584752,0,-0.0646208,-0.0408586,-0.0071487,0.0567416
1581137620.908945576,-0.0102042,-0.063061,-8.02101e-05,-0.0683369,-0.0437327,-0.00736127,0.0585783
1581137620.915207853,-0.00942278,-0.0587202,-4.85108e-05,-0.0641836,-0.0404316,-0.00722964,0.0537904
1581137620.925984672,-0.00941781,-0.059632,-4.82707e-05,-0.0648387,-0.0413442,-0.00850679,0.0577014
1581137620.932539846,-0.00922101,-0.0588548,2.57578e-05,-0.0652854,-0.0404419,-0.00899779,0.0602285
1581137620.939165533,-0.00853046,-0.0575593,8.54022e-05,-0.0616964,-0.0392458,-0.00972605,0.0550068
1581137620.946600452,-0.00957017,-0.063492,0.000116903,-0.0677705,-0.0450265,-0.00692825,0.0572807
1581137620.953254381,-0.00894249,-0.057082,-1.89925e-05,-0.0622652,-0.0422405,-0.00356939,0.0525728
1581137620.960109184,-0.0102181,-0.0592596,-5.14347e-05,-0.0662288,-0.0454121,-0.00284598,0.0574251
1581137620.968442292,-0.0109783,-0.0595564,-4.58082e-05,-0.0672596,-0.0484086,-0.00293925,0.059961
1581137621.007817865,-0.0119039,-0.0610049,2.38611e-05,-0.066631,-0.0461926,-0.00363396,0.0567625
1581137621.014349792,-0.0100342,-0.0542922,-4.48024e-05,-0.0590227,-0.034833,-0.00459604,0.048639
1581137621.020190649,-0.0111632,-0.0579979,-6.78868e-05,-0.0639141,-0.0384067,-0.0049754,0.0508209
1581137621.027153878,-0.0117405,-0.0612403,-4.43774e-05,-0.067887,-0.040395,-0.00551971,0.0542031
1581137621.033388225,-0.0112739,-0.0565129,2.86877e-05,-0.0618391,-0.0374994,-0.00546961,0.0537303
1581137621.044186618,-0.0115415,-0.0600771,1.20327e-05,-0.0637699,-0.040397,-0.00544296,0.05707
1581137621.050835371,-0.0112948,-0.061084,-7.81372e-05,-0.0662062,-0.0421719,-0.00575593,0.0547725
1581137621.058083862,-0.0108581,-0.0571647,-4.15444e-05,-0.0633872,-0.0397835,-0.00604794,0.0500202
1581137621.066176117,-0.00955527,-0.0522801,-3.80304e-05,-0.0573773,-0.0359692,-0.00604052,0.0472286
1581137621.072472673,-0.0124912,-0.0701903,0.000105712,-0.0753259,-0.0475828,-0.00806025,0.0674771
1581137621.079497960,-0.0103704,-0.0600163,4.29149e-05,-0.0648324,-0.0412482,-0.00640426,0.0584539
1581137621.119489313,-0.00931006,-0.0593302,5.97397e-06,-0.0647716,-0.0424968,-0.00539814,0.0554183
1581137621.126324069,-0.00902008,-0.0655878,-8.4373e-05,-0.0711011,-0.0500774,-0.00629155,0.0592306
1581137621.131992451,-0.00771721,-0.0551702,2.75784e-05,-0.0585827,-0.0412663,-0.00521531,0.0489799
1581137621.138830370,-0.00895036,-0.0653745,5.53647e-05,-0.069942,-0.0475236,-0.00537021,0.0600504
1581137621.145065202,-0.00793898,-0.0559072,4.64339e-05,-0.0607541,-0.0403059,-0.00377915,0.0535023
1581137621.155212970,-0.00936429,-0.0567339,6.37093e-06,-0.0624647,-0.0411952,-0.00350603,0.0553825
1581137621.162182437,-0.0118625,-0.0603444,8.67116e-05,-0.064498,-0.0438149,-0.00371137,0.054179
1581137621.169517236,-0.0135015,-0.061675,-6.17139e-05,-0.0648305,-0.0439826,-0.00337923,0.0552792
1581137621.176358859,-0.0152433,-0.0656698,1.84605e-05,-0.0691946,-0.0451024,-0.00378314,0.0602627
1581137621.183430236,-0.0121079,-0.0482061,0,-0.0523387,-0.0338989,-0.00245702,0.0456282
1581137621.190263520,-0.0165033,-0.0655045,-8.47798e-05,-0.0719193,-0.0473697,-0.00283534,0.0633191
1581137621.197053397,-0.0151043,-0.061544,-6.98942e-05,-0.0659906,-0.0430362,-0.00213154,0.0558308
1581137621.250052419,-0.0124419,-0.0608593,-3.03258e-05,-0.0650332,-0.043464,-0.00555993,0.0560306
1581137621.256197661,-0.00772446,-0.0528317,5.38932e-05,-0.0578167,-0.0396211,-0.00475145,0.0507659
1581137621.263198800,-0.00842323,-0.0592271,0.000102398,-0.064689,-0.0451423,-0.00578616,0.0542517
1581137621.271219725,-0.00835116,-0.0622528,0.000106683,-0.0667789,-0.0471323,-0.00647673,0.0561952
1581137621.277353111,-0.00820883,-0.0589851,4.85052e-05,-0.0628276,-0.0432525,-0.00505532,0.0551039
1581137621.320213364,-0.00812733,-0.0597203,-1.71261e-05,-0.0636755,-0.0438687,-0.00516843,0.0572895
1581137621.327167442,-0.0078785,-0.0598296,7.8423e-05,-0.0646926,-0.0448865,-0.00601345,0.0585571
1581137621.334421108,-0.00788909,-0.0569375,4.78781e-05,-0.0608725,-0.0430607,-0.00573491,0.0494792
1581137621.339885362,-0.00988918,-0.0628537,0.000166721,-0.0648193,-0.0454042,-0.00639682,0.0517536
1581137621.346420957,-0.0114785,-0.062236,0,-0.0650504,-0.0461891,-0.00681119,0.0547454
1581137621.353048248,-0.0112916,-0.0550616,-0.000175709,-0.0578637,-0.0409272,-0.00621455,0.052426
1581137621.359867682,-0.0137576,-0.0615776,-3.58226e-05,-0.0670681,-0.0449557,-0.00731765,0.0604939
1581137621.367926630,-0.0139672,-0.0595219,3.7498e-05,-0.0635426,-0.0435069,-0.00776374,0.0557038
1581137621.374992775,-0.0148935,-0.0602804,5.95707e-05,-0.0625357,-0.0434107,-0.00652761,0.052289
1581137621.381941344,-0.0154701,-0.0603464,-0.000189591,-0.0637162,-0.0429681,-0.00283547,0.052607
1581137621.388422166,-0.0169815,-0.0644979,-0.000159242,-0.0703052,-0.0473872,-0.00140497,0.0615287
1581137621.483534720,-0.0104965,-0.0592307,1.39102e-05,-0.0630408,-0.0412712,-0.00232553,0.0555477
1581137621.565921417,-0.00424515,-0.030401,1.47655e-06,-0.0323737,-0.0227927,-0.00352852,0.0284024
1581137621.573037800,-0.074249,-0.343159,-1.38881e-05,-0.359423,-0.2582,-0.0292873,0.322403
1581137621.580007940,-0.0162516,-0.0601317,-0.000102807,-0.0643038,-0.0450966,-0.00258722,0.0555312
1581137621.586960706,-0.0160403,-0.0590484,1.71336e-05,-0.0629451,-0.0436967,-0.00217524,0.0543897
1581137621.593482362,-0.0157908,-0.0616826,6.0965e-05,-0.0637033,-0.0430472,-0.00189873,0.0582771
1581137621.600174992,-0.0140434,-0.058416,4.75153e-05,-0.0603353,-0.0392075,-0.00157728,0.0574563
1581137621.607016850,-0.0131353,-0.0624731,-0.000104736,-0.0650827,-0.0420049,-0.00171936,0.0602825
1581137621.613431173,-0.0124482,-0.0656242,-0.000348669,-0.0699778,-0.0462423,-0.00173391,0.0625805
1581137621.620362113,-0.0101702,-0.0591904,-2.57918e-05,-0.0634717,-0.0430263,-0.00140989,0.0576601
1581137621.627227201,-0.00835253,-0.053047,0.000168291,-0.0556865,-0.0388734,-0.00109833,0.0521081
1581137621.633502629,-0.00920889,-0.0635881,0.000247221,-0.0657513,-0.0454458,-0.00162458,0.0633762
1581137621.677566818,-0.00848183,-0.0603437,-1.90899e-05,-0.0629428,-0.0430888,-0.00177682,0.0588765
1581137621.684170973,-0.00846595,-0.0565692,-0.000132735,-0.0597641,-0.0436247,-0.00209516,0.0510137
1581137621.691052734,-0.00907664,-0.0606237,0.00015605,-0.0624615,-0.0487416,-0.00396183,0.0556215
1581137621.697542226,-0.00927856,-0.0626192,0.000329158,-0.0655816,-0.0518959,-0.00571125,0.0612225
1581137621.704398093,-0.00814819,-0.0572138,9.29069e-05,-0.0601312,-0.0461873,-0.00548168,0.0559224
1581137621.711069351,-0.00919195,-0.0616748,-0.000219485,-0.0655201,-0.0493188,-0.00567144,0.0608583
1581137621.718436331,-0.00808987,-0.0542786,-0.000265501,-0.0570664,-0.0431168,-0.00413082,0.0503196
1581137621.725224622,-0.0102553,-0.064752,-1.85509e-05,-0.0672486,-0.0505617,-0.00459399,0.058636
1581137621.731540736,-0.0113197,-0.063293,0.000350923,-0.0661185,-0.0481582,-0.00406717,0.0605306
1581137621.738434385,-0.0127609,-0.0651402,0.000184267,-0.0684664,-0.0481761,-0.00350117,0.0633805
1581137621.745135542,-0.0109863,-0.0531269,-0.000204432,-0.0559535,-0.0402759,-0.00255102,0.0524692
1581137621.788580573,-0.00219296,-0.00981351,-2.67091e-05,-0.0101425,-0.0073886,-0.000423129,0.0089546
1581137621.800442652,-0.053172,-0.225656,9.16099e-05,-0.232957,-0.167834,-0.0102331,0.214777
1581137621.807317734,-0.0115159,-0.055413,4.61077e-05,-0.0577457,-0.0408489,-0.00310719,0.0561783
1581137621.814242694,-0.0126272,-0.061689,-0.000219223,-0.0641267,-0.0453456,-0.003604,0.061461
1581137621.821044878,-0.0125395,-0.0615662,-7.01585e-05,-0.0638111,-0.0459629,-0.00408629,0.057857
1581137621.827354818,-0.0125194,-0.0632367,4.44333e-05,-0.0656268,-0.0468717,-0.0042916,0.0573901
1581137621.835174371,-0.0113144,-0.0562023,0.00018487,-0.0581527,-0.0422109,-0.0040303,0.0533459
1581137621.841530518,-0.0114136,-0.0624446,-0.000133625,-0.0641189,-0.0490501,-0.00476352,0.0624603
1581137621.848470006,-0.0109805,-0.0647742,-0.000238305,-0.0648567,-0.0495536,-0.00497698,0.0647009
1581137621.855158898,-0.00869519,-0.0537409,8.81357e-06,-0.0545257,-0.0407069,-0.00411832,0.0495961
1581137621.861490868,-0.0103134,-0.0637477,0.000177813,-0.0642901,-0.0476695,-0.00545902,0.0582887
1581137621.869948283,-0.00989348,-0.0606855,0.000143822,-0.0630927,-0.0464713,-0.0055031,0.0591262
1581137621.912397645,-0.00995572,-0.0595833,-2.6812e-05,-0.0617692,-0.0432492,-0.0041488,0.0577135
1581137621.919108303,-0.0101535,-0.0615813,2.60577e-05,-0.0629883,-0.0441092,-0.000321358,0.0574642
1581137621.925477602,-0.0102641,-0.0642648,0.000107201,-0.0652921,-0.0465808,-0.000348402,0.0583154
1581137621.932330508,-0.0102354,-0.0619936,0.000104092,-0.063954,-0.0452717,-0.000425022,0.057778
1581137621.939411765,-0.00919037,-0.0546215,-2.74075e-05,-0.0566862,-0.0402111,-0.000511596,0.054384
1581137621.946278951,-0.0107202,-0.0598144,-6.12549e-05,-0.0629736,-0.0455062,-0.000708853,0.0598232
1581137621.953255778,-0.0108018,-0.0604368,-3.45222e-05,-0.0623867,-0.0454989,-0.000733353,0.0575552
1581137621.993260984,-0.0123174,-0.0605507,8.9834e-06,-0.0616512,-0.0469925,-0.00089831,0.0589532
1581137622.000175987,-0.0116229,-0.0612405,-3.45364e-05,-0.0624839,-0.0478456,-0.00139026,0.0605842
1581137622.006390311,-0.0118896,-0.0629051,-0.000134704,-0.0646472,-0.0482622,-0.00189479,0.0643688
1581137622.013389891,-0.0103217,-0.0548129,-9.20733e-05,-0.0574186,-0.0421782,-0.0021822,0.0563229
1581137622.055350369,-0.00187362,-0.010006,3.85296e-05,-0.0104954,-0.00763033,-0.000462342,0.0094052
1581137622.063083753,-0.0630003,-0.325676,3.85571e-05,-0.333914,-0.251915,-0.0173004,0.31359
1581137622.071157243,-0.0132796,-0.06828,-0.000113361,-0.0697236,-0.0523989,-0.00315174,0.0664963
1581137622.077613425,-0.0121377,-0.0608887,-0.000121908,-0.062456,-0.047882,-0.00291687,0.0606449
1581137622.084541448,-0.0123813,-0.0647857,9.19832e-05,-0.0670118,-0.049643,-0.00294356,0.0631851
1581137622.091160538,-0.0100791,-0.0543591,0.000188317,-0.055471,-0.0418516,-0.00249286,0.0488891
1581137622.098148968,-0.0106486,-0.0605637,-3.44854e-05,-0.0615467,-0.0480371,-0.00239703,0.0565198
1581137622.138155157,-0.00155497,-0.00901172,-2.67595e-05,-0.00912321,-0.00724743,-0.000313671,0.00893293
1581137622.144723352,-0.0600906,-0.364815,9.47182e-05,-0.374632,-0.263758,-0.0139936,0.362171
1581137622.151012244,-0.0101233,-0.0565134,0,-0.0574546,-0.0383154,-0.00217786,0.0553691
1581137622.157392472,-0.010885,-0.0575781,6.5699e-05,-0.0575124,-0.0392913,-0.00226146,0.0541437
1581137622.165227239,-0.0103962,-0.0544485,-6.18887e-05,-0.0546419,-0.0374139,-0.00218908,0.0516174
1581137622.209566411,-0.0112958,-0.0612539,-5.51758e-06,-0.062421,-0.0488475,-0.00168169,0.0602082
1581137622.216454731,-0.010957,-0.0626186,0,-0.0628978,-0.0473034,-0.00157898,0.0622784
1581137622.222925832,-0.011355,-0.0634026,3.53421e-05,-0.062625,-0.0470532,-0.00199706,0.060354
1581137622.229545897,-0.0116004,-0.0615107,8.72361e-06,-0.0629422,-0.0474698,-0.00209487,0.059442
1581137622.236199351,-0.0107798,-0.0563635,-9.50895e-06,-0.0588087,-0.0451517,-0.00181727,0.0569058
1581137622.243395873,-0.0113844,-0.0598679,0,-0.0607961,-0.0482282,-0.00136237,0.0602511
1581137622.250378958,-0.0117062,-0.0627088,8.6985e-06,-0.062761,-0.0503411,-0.000844245,0.0607157
1581137622.257069449,-0.0117977,-0.0616751,0,-0.062209,-0.0505525,-0.000671697,0.058463
1581137622.263462139,-0.0101761,-0.0525912,-8.76745e-06,-0.0538018,-0.0431467,-0.000719346,0.0503454
1581137622.272292901,-0.0129328,-0.0647001,2.17852e-05,-0.0654698,-0.0523293,-0.000885896,0.0667768
1581137622.278989369,-0.0120336,-0.0613352,4.32308e-05,-0.0604361,-0.0467652,-0.00102874,0.060635
1581137622.285342316,-0.0109642,-0.0591554,0,-0.0568032,-0.0427338,-0.00113815,0.0552193
1581137622.333218190,-0.0109732,-0.0620167,-2.22091e-05,-0.0616287,-0.0471721,-0.00223121,0.062304
1581137622.337291541,-0.00940996,-0.0523445,6.11729e-05,-0.0541182,-0.0405126,-0.00169503,0.0556297
1581137622.378061134,-0.0120928,-0.060352,1.34291e-05,-0.0604699,-0.0492248,-0.00162968,0.0605699
1581137622.385204080,-0.0118493,-0.0606924,8.50759e-05,-0.0597397,-0.0531065,-0.00129296,0.058047
1581137622.391341309,-0.0126823,-0.0646553,-6.35607e-05,-0.0643648,-0.0553265,-0.00123464,0.0611511
1581137622.398906873,-0.0115246,-0.0587475,-0.00015948,-0.0598051,-0.0500802,-0.00108279,0.0595701
1581137622.405283492,-0.0131943,-0.0670466,4.71633e-05,-0.0673106,-0.0556367,-0.00105631,0.0687819
1581137622.412052566,-0.0106338,-0.0540803,7.96233e-05,-0.0539741,-0.0434694,-0.000787359,0.0549472
1581137622.418989309,-0.0126648,-0.0619529,0.00010547,-0.0617684,-0.0499491,-0.000667956,0.0590702
1581137622.425415027,-0.0127632,-0.0623234,-7.85723e-05,-0.0610575,-0.0488041,-0.000724585,0.0591893
1581137622.432331969,-0.011403,-0.0558425,-0.000156975,-0.0564426,-0.0443342,-0.000646322,0.0571074
1581137622.475366439,-0.0122556,-0.0614785,0,-0.0614013,-0.048673,-0.000498306,0.0624821
1581137622.482218616,-0.0109875,-0.0621445,1.72681e-05,-0.0604615,-0.0481413,-0.000379773,0.0606772
1581137622.488089375,-0.0100948,-0.0586249,1.93451e-05,-0.0575903,-0.0469386,-0.000357769,0.0568555
1581137622.495495565,-0.00999021,-0.0597214,-1.69239e-05,-0.0588247,-0.048711,-0.000312992,0.0596537
1581137622.502283816,-0.00999293,-0.0632651,1.75527e-05,-0.0612209,-0.0500295,-0.00045621,0.064274
1581137622.508605914,-0.00971821,-0.0633922,0,-0.0617857,-0.051072,-0.000289712,0.0655782
1581137622.515439455,-0.00830774,-0.0535137,5.21264e-05,-0.0532964,-0.0440067,-0.000278081,0.0519408
1581137622.522318098,-0.0104252,-0.065721,0.000112203,-0.0673105,-0.0524197,-0.000280491,0.0649075
1581137622.529096681,-0.0100392,-0.0609399,-2.60993e-05,-0.0622274,-0.0460029,-0.00033058,0.0627494
1581137622.535453152,-0.0107858,-0.0648224,-2.69652e-05,-0.0640045,-0.0476587,-0.000332566,0.065901
1581137622.542443935,-0.00953556,-0.0529791,2.5611e-05,-0.0512546,-0.0390915,-0.000221952,0.0533547
1581137622.548985939,-0.0129075,-0.0680682,-6.69737e-05,-0.0668052,-0.0504589,-0.000267912,0.0667
1581137622.592468140,-0.0109569,-0.0523033,-6.82951e-06,-0.0484561,-0.0399431,-0.000180338,0.0502635
1581137622.599452777,-0.00826407,-0.0296534,0.000164934,-0.0229953,-0.0232505,-0.000164934,0.0266152
